	Adapazar	Afrikaans	Ancient_Greek	Arumanian	Arvanitika	Assamese	Avestan	Baluchi	Belarusian	Bengali	Bihari	Breton	Bulgarian	Cagliari	Catalan	Classical_Armenian	Cornish	Czech	Danish	Digor_Ossetic	Dutch	Eastern_Armenian	English	Faroese	Flemish	French	Frisian	Friulian	German	Gothic	Gujarati	Hindi	Hittite	Icelandic	Irish	Italian	Kashmiri	Kurdish	Ladin	Lahnda	Latin	Latvian	Lithuanian	Lower_Sorbian	Luxembourgish	Macedonian	Marathi	Marwari	Modern_Greek	Nepali	Norwegian	Nuorese	Old_Church_Slavic	Old_English	Old_High_German	Old_Irish	Old_Prussian	Old_West_Norse	Oriya	Panjabi	Pashto	Persian	Polish	Portuguese	Provencal	Romani	Romanian	Romansh	Russian	Sariqoli	Scots_Gaelic	Serbian	Shughni	Sindhi	Singhalese	Slovak	Slovenian	Sogdian	Spanish	Swedish	Swiss_German	Tajik	Tocharian_A	Tocharian_B	Tosk	Ukrainian	Upper_Sorbian	Urdu	Vedic_Sanskrit	Wakhi	Walloon	Waziri	Welsh	Zazaki
Adapazar	1.0000	0.0859	0.1386	0.1142	0.0771	0.0900	0.1182	0.0732	0.1089	0.0571	0.0670	0.0827	0.0824	0.0861	0.0873	0.5103	0.0874	0.0979	0.0978	0.0654	0.0892	0.5965	0.0947	0.0907	0.0860	0.0870	0.0941	0.1050	0.0894	0.1155	0.0561	0.0590	0.1186	0.0973	0.0803	0.0864	0.0893	0.1117	0.0847	0.0658	0.1187	0.0977	0.1085	0.0870	0.0904	0.0806	0.0740	0.0782	0.1061	0.0627	0.0849	0.0803	0.0956	0.1120	0.1010	0.1044	0.1237	0.0931	0.0798	0.0730	0.0571	0.0912	0.1042	0.0870	0.0860	0.0676	0.1043	0.0891	0.0904	0.0843	0.0960	0.0861	0.0769	0.0856	0.0941	0.0943	0.0950	0.0900	0.0923	0.0909	0.0952	0.0875	0.1126	0.1084	0.0767	0.0965	0.0878	0.0604	0.1235	0.0583	0.0962	0.0635	0.0902	0.0865
Afrikaans	0.0859	1.0000	0.1116	0.1499	0.0922	0.0864	0.1498	0.0819	0.1403	0.0789	0.0748	0.1159	0.1292	0.1425	0.1272	0.1005	0.1056	0.1340	0.4678	0.0934	0.7852	0.0943	0.4150	0.3717	0.8082	0.1549	0.6374	0.1338	0.6324	0.3405	0.0735	0.0753	0.0904	0.3587	0.1060	0.1544	0.0845	0.1330	0.1468	0.0698	0.1625	0.1140	0.1079	0.1311	0.5927	0.1268	0.0624	0.0734	0.0979	0.0706	0.4503	0.1402	0.1332	0.4671	0.5079	0.1208	0.1411	0.3568	0.0794	0.0735	0.0690	0.0873	0.1366	0.1481	0.1469	0.0777	0.1442	0.1318	0.1347	0.0745	0.1130	0.1193	0.0729	0.0838	0.0771	0.1338	0.1387	0.1125	0.1484	0.4509	0.5963	0.0868	0.1019	0.1008	0.0875	0.1296	0.1273	0.0671	0.1350	0.0767	0.1601	0.0709	0.1051	0.0720
Ancient_Greek	0.1386	0.1116	1.0000	0.1400	0.1440	0.1314	0.1633	0.0828	0.1223	0.0749	0.1041	0.0924	0.1350	0.1187	0.1359	0.2152	0.1226	0.1143	0.1166	0.0830	0.1181	0.1864	0.1242	0.1095	0.1087	0.1102	0.1250	0.1336	0.1143	0.1652	0.0825	0.0736	0.1888	0.1106	0.1296	0.1230	0.1180	0.1336	0.1095	0.0826	0.1719	0.1151	0.1303	0.1190	0.1134	0.1452	0.0979	0.0998	0.3675	0.0845	0.1132	0.1239	0.1452	0.1333	0.1469	0.1573	0.2005	0.1328	0.1097	0.0813	0.0542	0.0793	0.1362	0.1282	0.1183	0.1175	0.1335	0.1252	0.1253	0.0751	0.1237	0.1283	0.0857	0.1256	0.1407	0.1076	0.1406	0.1027	0.1208	0.1308	0.1223	0.0874	0.1755	0.1932	0.1309	0.1280	0.1163	0.0827	0.2106	0.0826	0.1236	0.0599	0.0905	0.0813
Arumanian	0.1142	0.1499	0.1400	1.0000	0.1437	0.1132	0.1399	0.1050	0.1381	0.1011	0.1057	0.1441	0.1529	0.3750	0.3251	0.1243	0.1522	0.1264	0.1341	0.0973	0.1416	0.1192	0.1589	0.1331	0.1290	0.3536	0.1420	0.3795	0.1399	0.1730	0.0965	0.0912	0.1375	0.1287	0.1218	0.3986	0.1160	0.1374	0.3901	0.1051	0.3854	0.1343	0.1424	0.1392	0.1564	0.1448	0.1036	0.1201	0.1218	0.0974	0.1287	0.3663	0.1320	0.1523	0.1545	0.1514	0.1709	0.1429	0.1063	0.1082	0.0728	0.1000	0.1400	0.3471	0.3717	0.1162	0.5938	0.3636	0.1463	0.1150	0.1076	0.1380	0.0951	0.1254	0.1327	0.1287	0.1579	0.1211	0.3444	0.1243	0.1526	0.0895	0.1206	0.1234	0.1376	0.1364	0.1331	0.0974	0.1501	0.1023	0.3869	0.0696	0.1243	0.0969
Arvanitika	0.0771	0.0922	0.1440	0.1437	1.0000	0.0868	0.0944	0.0533	0.1142	0.0602	0.0677	0.0863	0.1142	0.1154	0.1024	0.0895	0.0782	0.1040	0.0920	0.0639	0.0949	0.0860	0.0951	0.0826	0.0882	0.1063	0.0983	0.1111	0.0926	0.1130	0.0602	0.0569	0.1047	0.0829	0.0926	0.1129	0.0864	0.0693	0.1133	0.0613	0.1395	0.0971	0.1011	0.1105	0.0993	0.1171	0.0644	0.0707	0.0953	0.0652	0.0927	0.1128	0.1201	0.1025	0.1027	0.0878	0.1047	0.0947	0.0720	0.0600	0.0515	0.0619	0.1002	0.1149	0.1068	0.0804	0.1363	0.1138	0.0993	0.0517	0.0856	0.1119	0.0505	0.0878	0.0690	0.1027	0.1183	0.0635	0.0989	0.0955	0.0983	0.0640	0.0991	0.1021	0.7148	0.1170	0.1099	0.0622	0.1026	0.0692	0.1106	0.0477	0.0789	0.0541
Assamese	0.0900	0.0864	0.1314	0.1132	0.0868	1.0000	0.1920	0.1328	0.1098	0.3930	0.3737	0.0674	0.1103	0.0978	0.1121	0.1180	0.0885	0.1014	0.1010	0.1141	0.0881	0.1164	0.1007	0.0815	0.0849	0.0986	0.0946	0.1083	0.0907	0.1303	0.3095	0.3223	0.1194	0.0915	0.0833	0.1009	0.2711	0.1416	0.0958	0.2598	0.1150	0.0787	0.1136	0.1003	0.0894	0.1174	0.3299	0.3051	0.0863	0.3386	0.0894	0.1062	0.1094	0.0929	0.1075	0.1024	0.1481	0.0994	0.5014	0.2821	0.0941	0.1154	0.1175	0.1034	0.1087	0.2053	0.1272	0.1064	0.1098	0.1159	0.0769	0.1092	0.1042	0.3324	0.2830	0.1019	0.1303	0.1493	0.1037	0.0954	0.0960	0.1208	0.1254	0.1218	0.0851	0.1028	0.0998	0.2585	0.2402	0.1069	0.0983	0.1122	0.0774	0.1144
Avestan	0.1182	0.1498	0.1633	0.1399	0.0944	0.1920	1.0000	0.2544	0.1667	0.1708	0.1638	0.1164	0.1607	0.1424	0.1335	0.1337	0.1168	0.1626	0.1715	0.1966	0.1606	0.1297	0.1609	0.1571	0.1529	0.1429	0.1505	0.1413	0.1636	0.1792	0.1497	0.1844	0.1429	0.1553	0.1243	0.1484	0.1854	0.3103	0.1329	0.1788	0.1867	0.1433	0.1687	0.1787	0.1667	0.1692	0.1686	0.1472	0.1170	0.1710	0.1629	0.1392	0.1775	0.1821	0.1808	0.1292	0.1906	0.1727	0.1707	0.1640	0.1725	0.2724	0.1701	0.1311	0.1388	0.1169	0.1215	0.1297	0.1735	0.2300	0.1134	0.1550	0.2249	0.1792	0.1319	0.1742	0.1761	0.3790	0.1392	0.1676	0.1656	0.2692	0.1541	0.1378	0.0824	0.1496	0.1791	0.1698	0.4047	0.1918	0.1392	0.1827	0.1166	0.2433
Baluchi	0.0732	0.0819	0.0828	0.1050	0.0533	0.1328	0.2544	1.0000	0.0897	0.1526	0.1462	0.0633	0.0933	0.0767	0.0845	0.0938	0.0693	0.0831	0.0853	0.1465	0.0856	0.0981	0.0853	0.0735	0.0799	0.0895	0.0876	0.0855	0.0857	0.0955	0.1374	0.1559	0.0901	0.0795	0.0663	0.0833	0.1377	0.3782	0.0810	0.1681	0.0923	0.0754	0.0850	0.0891	0.0814	0.0874	0.1366	0.1274	0.0771	0.1355	0.0842	0.0885	0.0860	0.0835	0.0918	0.0970	0.1086	0.0843	0.1360	0.1577	0.1983	0.3344	0.0813	0.0814	0.0853	0.1099	0.0870	0.0883	0.0957	0.2105	0.0729	0.0911	0.2133	0.1441	0.1138	0.0821	0.1024	0.2215	0.0827	0.0743	0.0887	0.3081	0.0897	0.0787	0.0517	0.0769	0.0902	0.1870	0.1439	0.2384	0.0890	0.2011	0.0572	0.2862
Belarusian	0.1089	0.1403	0.1223	0.1381	0.1142	0.1098	0.1667	0.0897	1.0000	0.0921	0.1029	0.1105	0.4839	0.1295	0.1134	0.1250	0.1061	0.5803	0.1517	0.0818	0.1451	0.1121	0.1453	0.1276	0.1314	0.1270	0.1394	0.1220	0.1409	0.1346	0.0921	0.0960	0.1098	0.1337	0.1154	0.1276	0.1111	0.1429	0.1198	0.0973	0.1451	0.2186	0.2094	0.5512	0.1464	0.4437	0.0928	0.1074	0.0952	0.0948	0.1433	0.1267	0.4983	0.1469	0.1432	0.1279	0.2601	0.1244	0.0934	0.0864	0.0867	0.0957	0.5993	0.1316	0.1244	0.1165	0.1382	0.1333	0.5660	0.0997	0.1082	0.4671	0.0873	0.1236	0.0984	0.5662	0.4110	0.1336	0.1281	0.1509	0.1461	0.1022	0.1118	0.1195	0.1135	0.6034	0.5642	0.0933	0.1737	0.0872	0.1324	0.0864	0.1057	0.0767
Bengali	0.0571	0.0789	0.0749	0.1011	0.0602	0.3930	0.1708	0.1526	0.0921	1.0000	0.4434	0.0657	0.0979	0.0848	0.1000	0.0890	0.0871	0.0978	0.0783	0.0961	0.0837	0.0761	0.0861	0.0736	0.0744	0.0927	0.0844	0.0938	0.0758	0.0964	0.3651	0.4469	0.0938	0.0790	0.0731	0.0916	0.2825	0.1392	0.0887	0.3526	0.0979	0.0716	0.1041	0.1008	0.0827	0.0979	0.3890	0.3096	0.0637	0.3707	0.0779	0.0907	0.0974	0.0793	0.0799	0.0773	0.1238	0.0853	0.5106	0.3608	0.0817	0.1283	0.1029	0.0854	0.0917	0.1782	0.1033	0.0888	0.1018	0.1133	0.0690	0.0948	0.1095	0.3239	0.2201	0.0923	0.1073	0.1624	0.0984	0.0785	0.0810	0.1188	0.0920	0.0804	0.0591	0.0947	0.0984	0.3696	0.2010	0.1090	0.0939	0.0977	0.0621	0.0928
Bihari	0.0670	0.0748	0.1041	0.1057	0.0677	0.3737	0.1638	0.1462	0.1029	0.4434	1.0000	0.0664	0.1144	0.0909	0.1087	0.0899	0.0861	0.1016	0.0786	0.1097	0.0783	0.0779	0.0853	0.0719	0.0733	0.0935	0.0900	0.1061	0.0780	0.0998	0.3746	0.4844	0.0840	0.0814	0.0757	0.1002	0.2493	0.1602	0.0867	0.4101	0.1081	0.0739	0.0966	0.1042	0.0769	0.1018	0.3750	0.3593	0.0858	0.3747	0.0757	0.0914	0.1099	0.0810	0.0844	0.0976	0.1111	0.0821	0.4182	0.3957	0.0952	0.1284	0.1134	0.0927	0.0961	0.2049	0.1038	0.0996	0.1077	0.1169	0.0692	0.0951	0.1142	0.3443	0.2314	0.0926	0.1178	0.1593	0.1086	0.0853	0.0804	0.1224	0.0951	0.0969	0.0721	0.0927	0.1010	0.4404	0.1991	0.1102	0.0993	0.1191	0.0603	0.1028
Breton	0.0827	0.1159	0.0924	0.1441	0.0863	0.0674	0.1164	0.0633	0.1105	0.0657	0.0664	1.0000	0.1176	0.1620	0.1392	0.0995	0.5513	0.1172	0.1223	0.0639	0.1225	0.0791	0.1330	0.1084	0.1152	0.1671	0.1253	0.1582	0.1292	0.1459	0.0602	0.0647	0.0826	0.1128	0.2151	0.1737	0.0687	0.1144	0.1662	0.0694	0.1804	0.0950	0.1068	0.1148	0.1342	0.1098	0.0576	0.0644	0.0799	0.0653	0.1155	0.1532	0.1138	0.1299	0.1268	0.2507	0.1230	0.1169	0.0688	0.0680	0.0640	0.0705	0.1144	0.1494	0.1622	0.0765	0.1609	0.1679	0.1253	0.0712	0.2219	0.1050	0.0632	0.0769	0.0588	0.1082	0.1000	0.0928	0.1571	0.1181	0.1307	0.0739	0.1019	0.0970	0.0835	0.1009	0.1093	0.0657	0.1104	0.0720	0.1676	0.0547	0.4525	0.0610
Bulgarian	0.0824	0.1292	0.1350	0.1529	0.1142	0.1103	0.1607	0.0933	0.4839	0.0979	0.1144	0.1176	1.0000	0.1357	0.1140	0.1012	0.1119	0.5158	0.1429	0.0880	0.1339	0.0897	0.1558	0.1285	0.1290	0.1277	0.1340	0.1225	0.1324	0.1322	0.0987	0.1049	0.1108	0.1344	0.1160	0.1372	0.1260	0.1297	0.1240	0.1008	0.1583	0.2033	0.2072	0.5455	0.1377	0.6494	0.0984	0.1014	0.1125	0.1031	0.1440	0.1393	0.5401	0.1362	0.1411	0.1228	0.2464	0.1253	0.1014	0.0955	0.0789	0.0936	0.4603	0.1325	0.1198	0.1275	0.1392	0.1340	0.4856	0.1040	0.1117	0.5801	0.1018	0.1302	0.1047	0.5000	0.4643	0.1279	0.1291	0.1371	0.1373	0.0973	0.1188	0.1199	0.1111	0.4259	0.5405	0.1024	0.1746	0.0939	0.1332	0.0699	0.1036	0.0870
Cagliari	0.0861	0.1425	0.1187	0.3750	0.1154	0.0978	0.1424	0.0767	0.1295	0.0848	0.0909	0.1620	0.1357	1.0000	0.4307	0.1049	0.1604	0.1263	0.1412	0.0802	0.1444	0.0905	0.1676	0.1358	0.1397	0.5000	0.1479	0.4598	0.1433	0.1652	0.0907	0.0918	0.1009	0.1267	0.1253	0.5142	0.0902	0.1230	0.4790	0.0929	0.4078	0.1139	0.1218	0.1412	0.1586	0.1330	0.0839	0.0902	0.0967	0.0831	0.1361	0.7017	0.1318	0.1466	0.1454	0.1240	0.1481	0.1238	0.0947	0.0936	0.0633	0.0767	0.1263	0.4517	0.4551	0.1026	0.3981	0.4290	0.1393	0.0795	0.1247	0.1224	0.0697	0.1066	0.0914	0.1283	0.1309	0.1061	0.4783	0.1298	0.1486	0.0771	0.1200	0.1147	0.1154	0.1171	0.1347	0.0862	0.1335	0.0854	0.4803	0.0646	0.1436	0.0815
Catalan	0.0873	0.1272	0.1359	0.3251	0.1024	0.1121	0.1335	0.0845	0.1134	0.1000	0.1087	0.1392	0.1140	0.4307	1.0000	0.1325	0.1616	0.1175	0.1268	0.0917	0.1377	0.1057	0.1538	0.1339	0.1195	0.4985	0.1375	0.5000	0.1236	0.1618	0.0835	0.0846	0.1459	0.1287	0.1170	0.5227	0.1007	0.1373	0.4688	0.0922	0.3763	0.1121	0.1114	0.1253	0.1412	0.1152	0.0982	0.1157	0.0884	0.0798	0.1291	0.4192	0.1174	0.1344	0.1315	0.1413	0.1633	0.1296	0.1044	0.0905	0.0626	0.0831	0.1250	0.5140	0.5391	0.0957	0.3799	0.4586	0.1227	0.0815	0.1287	0.1193	0.0855	0.1205	0.1310	0.1059	0.1168	0.1188	0.5727	0.1382	0.1327	0.0828	0.1333	0.1320	0.1005	0.1109	0.1169	0.0861	0.1289	0.1068	0.4877	0.0597	0.1213	0.0892
Classical_Armenian	0.5103	0.1005	0.2152	0.1243	0.0895	0.1180	0.1337	0.0938	0.1250	0.0890	0.0899	0.0995	0.1012	0.1049	0.1325	1.0000	0.1328	0.1162	0.1026	0.0811	0.1029	0.6462	0.1167	0.0889	0.0890	0.1039	0.1148	0.1326	0.0984	0.1289	0.0825	0.0708	0.1709	0.0943	0.1149	0.1054	0.1020	0.1296	0.1026	0.0857	0.1303	0.1048	0.1290	0.1071	0.1075	0.1094	0.0909	0.1098	0.1445	0.0759	0.0915	0.1078	0.1145	0.1247	0.1223	0.1667	0.1712	0.1086	0.1018	0.0839	0.0683	0.0841	0.1329	0.1145	0.1109	0.0902	0.1425	0.1261	0.1127	0.0752	0.1190	0.1022	0.0903	0.1198	0.1540	0.1035	0.1262	0.0964	0.1160	0.1096	0.1014	0.0860	0.1450	0.1398	0.0903	0.1140	0.0990	0.0785	0.1527	0.0786	0.1186	0.0778	0.1045	0.1071
Cornish	0.0874	0.1056	0.1226	0.1522	0.0782	0.0885	0.1168	0.0693	0.1061	0.0871	0.0861	0.5513	0.1119	0.1604	0.1616	0.1328	1.0000	0.1133	0.1132	0.0619	0.1055	0.1237	0.1271	0.1114	0.1000	0.1564	0.1303	0.1804	0.1111	0.1483	0.0760	0.0668	0.1630	0.1175	0.2293	0.1644	0.1029	0.1101	0.1570	0.0764	0.1824	0.0934	0.1362	0.1097	0.1230	0.1200	0.0847	0.1077	0.0826	0.0720	0.1044	0.1696	0.1169	0.1245	0.1320	0.2818	0.1545	0.1156	0.0828	0.0797	0.0552	0.0701	0.1128	0.1485	0.1486	0.0905	0.1704	0.1637	0.1152	0.0823	0.2475	0.1142	0.0774	0.0995	0.1083	0.1062	0.1098	0.0867	0.1585	0.1166	0.1250	0.0734	0.1243	0.1279	0.0809	0.0975	0.1073	0.0697	0.1237	0.0795	0.1654	0.0592	0.4645	0.0653
Czech	0.0979	0.1340	0.1143	0.1264	0.1040	0.1014	0.1626	0.0831	0.5803	0.0978	0.1016	0.1172	0.5158	0.1263	0.1175	0.1162	0.1133	1.0000	0.1474	0.0781	0.1400	0.1048	0.1458	0.1324	0.1282	0.1288	0.1301	0.1210	0.1389	0.1410	0.0939	0.1007	0.1121	0.1371	0.1119	0.1296	0.1055	0.1379	0.1234	0.0997	0.1484	0.2081	0.2145	0.6626	0.1410	0.5146	0.0839	0.1062	0.0898	0.0998	0.1470	0.1266	0.6301	0.1525	0.1493	0.1235	0.2680	0.1278	0.0964	0.0950	0.0777	0.0941	0.5906	0.1261	0.1175	0.1114	0.1259	0.1216	0.5724	0.0989	0.1138	0.5437	0.0931	0.1208	0.0931	0.7480	0.4879	0.1265	0.1268	0.1456	0.1406	0.1011	0.1128	0.1135	0.0995	0.5333	0.6787	0.0971	0.1682	0.0809	0.1321	0.0744	0.1039	0.0809
Danish	0.0978	0.4678	0.1166	0.1341	0.0920	0.1010	0.1715	0.0853	0.1517	0.0783	0.0786	0.1223	0.1429	0.1412	0.1268	0.1026	0.1132	0.1474	1.0000	0.0889	0.4830	0.0991	0.4714	0.5971	0.4804	0.1671	0.4349	0.1432	0.5271	0.3933	0.0842	0.0854	0.1024	0.6046	0.1282	0.1627	0.0948	0.1376	0.1491	0.0860	0.1654	0.1172	0.1190	0.1412	0.4840	0.1410	0.0736	0.0829	0.1041	0.0776	0.7639	0.1449	0.1374	0.4983	0.4790	0.1206	0.1490	0.5481	0.0905	0.0868	0.0660	0.0897	0.1440	0.1418	0.1504	0.0822	0.1404	0.1383	0.1551	0.0803	0.1339	0.1281	0.0760	0.0933	0.0793	0.1475	0.1534	0.1210	0.1472	0.6803	0.5129	0.0889	0.1258	0.1257	0.0952	0.1305	0.1412	0.0816	0.1470	0.0734	0.1569	0.0703	0.1224	0.0785
Digor_Ossetic	0.0654	0.0934	0.0830	0.0973	0.0639	0.1141	0.1966	0.1465	0.0818	0.0961	0.1097	0.0639	0.0880	0.0802	0.0917	0.0811	0.0619	0.0781	0.0889	1.0000	0.0891	0.0755	0.0919	0.0873	0.0890	0.0902	0.0855	0.0758	0.0864	0.0933	0.0875	0.0946	0.0682	0.0914	0.0668	0.0810	0.1069	0.2235	0.0872	0.0989	0.0982	0.0732	0.0852	0.0838	0.0936	0.0779	0.0967	0.0992	0.0642	0.0831	0.0907	0.0833	0.0840	0.0948	0.0951	0.0792	0.1000	0.0924	0.0922	0.0936	0.1141	0.1465	0.0817	0.0835	0.0885	0.0901	0.0850	0.0786	0.0878	0.1361	0.0653	0.0784	0.1429	0.1066	0.1000	0.0769	0.0885	0.1821	0.0858	0.0909	0.0894	0.1432	0.0844	0.0706	0.0601	0.0749	0.0790	0.1034	0.1172	0.1453	0.0897	0.1196	0.0628	0.1447
Dutch	0.0892	0.7852	0.1181	0.1416	0.0949	0.0881	0.1606	0.0856	0.1451	0.0837	0.0783	0.1225	0.1339	0.1444	0.1377	0.1029	0.1055	0.1400	0.4830	0.0891	1.0000	0.0994	0.4351	0.3851	0.7959	0.1594	0.5899	0.1435	0.6533	0.3587	0.0821	0.0800	0.0879	0.3720	0.1167	0.1650	0.0847	0.1400	0.1429	0.0804	0.1638	0.1140	0.1106	0.1291	0.6022	0.1188	0.0768	0.0804	0.1048	0.0778	0.4682	0.1448	0.1324	0.4938	0.5314	0.1171	0.1380	0.3670	0.0867	0.0815	0.0673	0.0920	0.1470	0.1419	0.1493	0.0787	0.1435	0.1389	0.1345	0.0801	0.1159	0.1241	0.0778	0.0879	0.0825	0.1355	0.1406	0.1228	0.1500	0.4679	0.6176	0.1011	0.1162	0.1081	0.0963	0.1259	0.1260	0.0784	0.1438	0.0781	0.1500	0.0662	0.1087	0.0787
Eastern_Armenian	0.5965	0.0943	0.1864	0.1192	0.0860	0.1164	0.1297	0.0981	0.1121	0.0761	0.0779	0.0791	0.0897	0.0905	0.1057	0.6462	0.1237	0.1048	0.0991	0.0755	0.0994	1.0000	0.1073	0.0948	0.0831	0.0905	0.1053	0.1029	0.0949	0.1339	0.0742	0.0636	0.1478	0.1004	0.1015	0.0855	0.1035	0.1261	0.0867	0.0680	0.1137	0.0989	0.1196	0.0947	0.1011	0.1017	0.0854	0.1033	0.1317	0.0714	0.0880	0.0935	0.1085	0.1180	0.1205	0.1338	0.1739	0.1074	0.0900	0.0813	0.0658	0.0907	0.1234	0.1035	0.0936	0.0785	0.1328	0.0990	0.0987	0.0827	0.1075	0.1081	0.0923	0.1200	0.1299	0.0921	0.1346	0.0989	0.1027	0.1036	0.0977	0.0970	0.1343	0.1355	0.0774	0.1123	0.0900	0.0711	0.1335	0.0883	0.0986	0.0767	0.0889	0.0979
English	0.0947	0.4150	0.1242	0.1589	0.0951	0.1007	0.1609	0.0853	0.1453	0.0861	0.0853	0.1330	0.1558	0.1676	0.1538	0.1167	0.1271	0.1458	0.4714	0.0919	0.4351	0.1073	1.0000	0.3968	0.4102	0.1927	0.3874	0.1750	0.4205	0.3323	0.0871	0.0848	0.1071	0.3831	0.1352	0.1818	0.0975	0.1371	0.1680	0.0885	0.1832	0.1207	0.1285	0.1412	0.4007	0.1432	0.0785	0.0875	0.1083	0.0847	0.4164	0.1749	0.1375	0.5083	0.4073	0.1210	0.1656	0.3881	0.0938	0.0892	0.0660	0.0864	0.1472	0.1588	0.1641	0.0867	0.1608	0.1613	0.1589	0.0813	0.1260	0.1315	0.0817	0.0976	0.0848	0.1475	0.1534	0.1258	0.1709	0.4161	0.4102	0.0885	0.1382	0.1268	0.1053	0.1278	0.1347	0.0831	0.1412	0.0763	0.1834	0.0674	0.1328	0.0801
Faroese	0.0907	0.3717	0.1095	0.1331	0.0826	0.0815	0.1571	0.0735	0.1276	0.0736	0.0719	0.1084	0.1285	0.1358	0.1339	0.0889	0.1114	0.1324	0.5971	0.0873	0.3851	0.0948	0.3968	1.0000	0.3851	0.1454	0.3846	0.1339	0.3963	0.3851	0.0786	0.0773	0.1020	0.7945	0.1122	0.1432	0.0886	0.1385	0.1400	0.0746	0.1618	0.1067	0.1114	0.1210	0.3863	0.1280	0.0665	0.0730	0.0986	0.0773	0.6654	0.1391	0.1330	0.4615	0.4307	0.1051	0.1341	0.6832	0.0803	0.0756	0.0585	0.0840	0.1232	0.1315	0.1425	0.0740	0.1362	0.1241	0.1352	0.0718	0.1192	0.1171	0.0736	0.0844	0.0766	0.1247	0.1260	0.1194	0.1348	0.5795	0.3861	0.0862	0.1138	0.1138	0.0807	0.1210	0.1178	0.0686	0.1396	0.0761	0.1469	0.0624	0.1087	0.0712
Flemish	0.0860	0.8082	0.1087	0.1290	0.0882	0.0849	0.1529	0.0799	0.1314	0.0744	0.0733	0.1152	0.1290	0.1397	0.1195	0.0890	0.1000	0.1282	0.4804	0.0890	0.7959	0.0831	0.4102	0.3851	1.0000	0.1495	0.6475	0.1286	0.6423	0.3386	0.0795	0.0786	0.0780	0.3694	0.1075	0.1492	0.0777	0.1374	0.1384	0.0729	0.1465	0.1108	0.1022	0.1275	0.5909	0.1207	0.0722	0.0705	0.0998	0.0760	0.4720	0.1370	0.1247	0.4739	0.5182	0.1064	0.1346	0.3585	0.0824	0.0769	0.0667	0.0942	0.1310	0.1277	0.1335	0.0724	0.1225	0.1208	0.1317	0.0771	0.1097	0.1133	0.0730	0.0805	0.0723	0.1286	0.1359	0.1164	0.1322	0.4522	0.6109	0.0955	0.1083	0.1017	0.0888	0.1193	0.1240	0.0727	0.1327	0.0773	0.1518	0.0680	0.1071	0.0788
French	0.0870	0.1549	0.1102	0.3536	0.1063	0.0986	0.1429	0.0895	0.1270	0.0927	0.0935	0.1671	0.1277	0.5000	0.4985	0.1039	0.1564	0.1288	0.1671	0.0902	0.1594	0.0905	0.1927	0.1454	0.1495	1.0000	0.1421	0.5158	0.1587	0.1635	0.0855	0.0995	0.1043	0.1447	0.1300	0.6282	0.0958	0.1281	0.5788	0.1013	0.4406	0.1154	0.1229	0.1354	0.1707	0.1232	0.0822	0.0909	0.0951	0.0808	0.1585	0.4748	0.1290	0.1662	0.1512	0.1211	0.1529	0.1471	0.0943	0.0990	0.0702	0.0928	0.1244	0.5000	0.7143	0.1022	0.3976	0.4906	0.1398	0.0863	0.1231	0.1178	0.0778	0.1039	0.0888	0.1266	0.1223	0.1189	0.5395	0.1517	0.1644	0.0871	0.1164	0.1142	0.1057	0.1122	0.1320	0.0948	0.1330	0.0986	0.7722	0.0663	0.1385	0.0917
Frisian	0.0941	0.6374	0.1250	0.1420	0.0983	0.0946	0.1505	0.0876	0.1394	0.0844	0.0900	0.1253	0.1340	0.1479	0.1375	0.1148	0.1303	0.1301	0.4349	0.0855	0.5899	0.1053	0.3874	0.3846	0.6475	0.1421	1.0000	0.1506	0.5432	0.3156	0.0876	0.0752	0.1164	0.3616	0.1209	0.1421	0.0976	0.1514	0.1403	0.0753	0.1476	0.1179	0.1122	0.1281	0.5252	0.1397	0.0745	0.0868	0.0963	0.0757	0.4422	0.1359	0.1328	0.4349	0.4637	0.1385	0.1617	0.3500	0.0795	0.0734	0.0695	0.0823	0.1364	0.1271	0.1380	0.0804	0.1439	0.1471	0.1398	0.0771	0.1314	0.1182	0.0831	0.0961	0.0934	0.1299	0.1409	0.1146	0.1259	0.4344	0.5387	0.0926	0.1258	0.1278	0.0907	0.1286	0.1223	0.0647	0.1378	0.0916	0.1475	0.0758	0.1173	0.0716
Friulian	0.1050	0.1338	0.1336	0.3795	0.1111	0.1083	0.1413	0.0855	0.1220	0.0938	0.1061	0.1582	0.1225	0.4598	0.5000	0.1326	0.1804	0.1210	0.1432	0.0758	0.1435	0.1029	0.1750	0.1339	0.1286	0.5158	0.1506	1.0000	0.1398	0.1593	0.0877	0.0973	0.1206	0.1300	0.1350	0.6091	0.1045	0.1207	0.5508	0.1041	0.4157	0.1070	0.1312	0.1325	0.1529	0.1267	0.0953	0.1114	0.1031	0.0849	0.1394	0.4519	0.1267	0.1500	0.1470	0.1451	0.1545	0.1315	0.1016	0.0991	0.0682	0.0860	0.1250	0.4729	0.5059	0.0942	0.4121	0.6301	0.1364	0.0807	0.1316	0.1116	0.0756	0.1055	0.1129	0.1190	0.1259	0.1050	0.4855	0.1419	0.1527	0.0791	0.1243	0.1202	0.1132	0.1138	0.1298	0.0930	0.1305	0.0809	0.5180	0.0647	0.1405	0.0829
German	0.0894	0.6324	0.1143	0.1399	0.0926	0.0907	0.1636	0.0857	0.1409	0.0758	0.0780	0.1292	0.1324	0.1433	0.1236	0.0984	0.1111	0.1389	0.5271	0.0864	0.6533	0.0949	0.4205	0.3963	0.6423	0.1587	0.5432	0.1398	1.0000	0.4032	0.0846	0.0825	0.0977	0.3917	0.1176	0.1615	0.0817	0.1386	0.1478	0.0831	0.1633	0.1175	0.1222	0.1339	0.7154	0.1309	0.0742	0.0742	0.1054	0.0801	0.4639	0.1405	0.1394	0.5147	0.5853	0.1181	0.1483	0.3764	0.0891	0.0867	0.0695	0.0951	0.1404	0.1381	0.1429	0.0785	0.1481	0.1405	0.1421	0.0858	0.1225	0.1199	0.0798	0.0870	0.0744	0.1432	0.1456	0.1223	0.1408	0.4732	0.7866	0.0939	0.1266	0.1204	0.1023	0.1271	0.1306	0.0782	0.1455	0.0802	0.1491	0.0736	0.1206	0.0814
Gothic	0.1155	0.3405	0.1652	0.1730	0.1130	0.1303	0.1792	0.0955	0.1346	0.0964	0.0998	0.1459	0.1322	0.1652	0.1618	0.1289	0.1483	0.1410	0.3933	0.0933	0.3587	0.1339	0.3323	0.3851	0.3386	0.1635	0.3156	0.1593	0.4032	1.0000	0.0900	0.0918	0.1646	0.3987	0.1535	0.1641	0.0943	0.1481	0.1563	0.0923	0.2058	0.1138	0.1523	0.1358	0.3839	0.1531	0.0953	0.0804	0.1122	0.0939	0.3657	0.1691	0.1464	0.4887	0.5129	0.1595	0.2121	0.4675	0.1230	0.1114	0.0623	0.1099	0.1454	0.1580	0.1709	0.0995	0.1768	0.1592	0.1467	0.0916	0.1593	0.1407	0.0894	0.1140	0.1175	0.1375	0.1508	0.1344	0.1713	0.4018	0.3689	0.1055	0.1465	0.1657	0.1120	0.1521	0.1392	0.0846	0.1772	0.0954	0.1639	0.0665	0.1392	0.0952
Gujarati	0.0561	0.0735	0.0825	0.0965	0.0602	0.3095	0.1497	0.1374	0.0921	0.3651	0.3746	0.0602	0.0987	0.0907	0.0835	0.0825	0.0760	0.0939	0.0842	0.0875	0.0821	0.0742	0.0871	0.0786	0.0795	0.0855	0.0876	0.0877	0.0846	0.0900	1.0000	0.4433	0.0754	0.0870	0.0733	0.0934	0.2733	0.1492	0.0859	0.3758	0.1020	0.0670	0.0837	0.0980	0.0892	0.1010	0.4594	0.3269	0.0733	0.3460	0.0836	0.0968	0.0985	0.0799	0.0831	0.0752	0.1143	0.0860	0.3668	0.3754	0.0842	0.1026	0.0916	0.0805	0.0825	0.1892	0.0887	0.0907	0.1005	0.0944	0.0668	0.0907	0.0907	0.3431	0.2108	0.0928	0.1048	0.1359	0.0896	0.0817	0.0875	0.1044	0.0889	0.0819	0.0615	0.0871	0.0956	0.3722	0.1924	0.0753	0.0801	0.1053	0.0644	0.0890
Hindi	0.0590	0.0753	0.0736	0.0912	0.0569	0.3223	0.1844	0.1559	0.0960	0.4469	0.4844	0.0647	0.1049	0.0918	0.0846	0.0708	0.0668	0.1007	0.0854	0.0946	0.0800	0.0636	0.0848	0.0773	0.0786	0.0995	0.0752	0.0973	0.0825	0.0918	0.4433	1.0000	0.0750	0.0803	0.0619	0.1010	0.2700	0.1667	0.0980	0.5376	0.1066	0.0753	0.0890	0.1078	0.0864	0.1045	0.3870	0.3774	0.0653	0.4006	0.0842	0.0949	0.1085	0.0878	0.0835	0.0588	0.1091	0.0812	0.3978	0.5891	0.0990	0.1402	0.0986	0.0887	0.0886	0.2122	0.0938	0.0901	0.1083	0.1319	0.0606	0.0926	0.1214	0.3594	0.1684	0.0990	0.1054	0.1703	0.1021	0.0820	0.0852	0.1333	0.0841	0.0771	0.0581	0.0952	0.1055	0.6434	0.2112	0.1126	0.0925	0.1269	0.0612	0.1194
Hittite	0.1186	0.0904	0.1888	0.1375	0.1047	0.1194	0.1429	0.0901	0.1098	0.0938	0.0840	0.0826	0.1108	0.1009	0.1459	0.1709	0.1630	0.1121	0.1024	0.0682	0.0879	0.1478	0.1071	0.1020	0.0780	0.1043	0.1164	0.1206	0.0977	0.1646	0.0754	0.0750	1.0000	0.1026	0.1163	0.1039	0.1433	0.1064	0.1130	0.0931	0.1486	0.1068	0.1254	0.1048	0.1098	0.1232	0.0926	0.1298	0.1008	0.0757	0.0885	0.1219	0.1215	0.1229	0.1233	0.1416	0.2180	0.1154	0.1089	0.0917	0.0595	0.0928	0.1232	0.1126	0.1043	0.1015	0.1260	0.1260	0.1157	0.0994	0.1171	0.1229	0.0959	0.1273	0.2006	0.1003	0.1246	0.1014	0.1078	0.1038	0.1145	0.0928	0.2045	0.2249	0.0872	0.1181	0.1056	0.0819	0.1813	0.0957	0.1185	0.0778	0.1089	0.0993
Icelandic	0.0973	0.3587	0.1106	0.1287	0.0829	0.0915	0.1553	0.0795	0.1337	0.0790	0.0814	0.1128	0.1344	0.1267	0.1287	0.0943	0.1175	0.1371	0.6046	0.0914	0.3720	0.1004	0.3831	0.7945	0.3694	0.1447	0.3616	0.1300	0.3917	0.3987	0.0870	0.0803	0.1026	1.0000	0.1188	0.1425	0.0942	0.1385	0.1347	0.0801	0.1616	0.1050	0.1098	0.1232	0.3814	0.1361	0.0737	0.0855	0.1046	0.0805	0.6732	0.1240	0.1320	0.4682	0.4273	0.1133	0.1361	0.7045	0.0923	0.0865	0.0611	0.0951	0.1302	0.1321	0.1398	0.0792	0.1380	0.1256	0.1402	0.0829	0.1206	0.1211	0.0755	0.0902	0.0873	0.1332	0.1351	0.1207	0.1366	0.5748	0.3766	0.0915	0.1167	0.1201	0.0835	0.1316	0.1236	0.0735	0.1442	0.0849	0.1417	0.0650	0.1097	0.0762
Irish	0.0803	0.1060	0.1296	0.1218	0.0926	0.0833	0.1243	0.0663	0.1154	0.0731	0.0757	0.2151	0.1160	0.1253	0.1170	0.1149	0.2293	0.1119	0.1282	0.0668	0.1167	0.1015	0.1352	0.1122	0.1075	0.1300	0.1209	0.1350	0.1176	0.1535	0.0733	0.0619	0.1163	0.1188	1.0000	0.1286	0.0888	0.1085	0.1133	0.0716	0.1498	0.1009	0.1283	0.1093	0.1166	0.1241	0.0763	0.0794	0.0814	0.0703	0.1139	0.1198	0.1212	0.1371	0.1323	0.4799	0.1508	0.1264	0.0772	0.0649	0.0643	0.0779	0.1168	0.1129	0.1323	0.0783	0.1299	0.1256	0.1278	0.0700	0.5552	0.1137	0.0700	0.0794	0.0922	0.1095	0.1276	0.0909	0.1201	0.1259	0.1272	0.0903	0.1319	0.1401	0.0825	0.1098	0.1070	0.0628	0.1133	0.0736	0.1253	0.0601	0.2353	0.0815
Italian	0.0864	0.1544	0.1230	0.3986	0.1129	0.1009	0.1484	0.0833	0.1276	0.0916	0.1002	0.1737	0.1372	0.5142	0.5227	0.1054	0.1644	0.1296	0.1627	0.0810	0.1650	0.0855	0.1818	0.1432	0.1492	0.6282	0.1421	0.6091	0.1615	0.1641	0.0934	0.1010	0.1039	0.1425	0.1286	1.0000	0.0950	0.1317	0.6196	0.1028	0.4737	0.1192	0.1265	0.1389	0.1732	0.1292	0.0889	0.0879	0.1077	0.0901	0.1609	0.5160	0.1327	0.1602	0.1595	0.1194	0.1538	0.1425	0.1009	0.1005	0.0675	0.0837	0.1283	0.5361	0.5888	0.0956	0.4464	0.5521	0.1403	0.0844	0.1268	0.1189	0.0736	0.1069	0.0907	0.1244	0.1260	0.1190	0.5784	0.1602	0.1671	0.0813	0.1182	0.1096	0.1156	0.1132	0.1355	0.0966	0.1448	0.0890	0.5683	0.0640	0.1390	0.0850
Kashmiri	0.0893	0.0845	0.1180	0.1160	0.0864	0.2711	0.1854	0.1377	0.1111	0.2825	0.2493	0.0687	0.1260	0.0902	0.1007	0.1020	0.1029	0.1055	0.0948	0.1069	0.0847	0.1035	0.0975	0.0886	0.0777	0.0958	0.0976	0.1045	0.0817	0.0943	0.2733	0.2700	0.1433	0.0942	0.0888	0.0950	1.0000	0.1592	0.0942	0.2572	0.1108	0.0949	0.1172	0.1058	0.0963	0.1232	0.2857	0.2806	0.0766	0.3056	0.0891	0.1074	0.1135	0.0872	0.0928	0.0949	0.1529	0.0907	0.2662	0.2451	0.1027	0.1250	0.1193	0.0953	0.1020	0.2190	0.1168	0.0968	0.1212	0.1417	0.0825	0.1127	0.1151	0.2950	0.2377	0.1059	0.1176	0.1433	0.0924	0.0963	0.0980	0.1288	0.1125	0.1129	0.0862	0.1170	0.1036	0.2438	0.2463	0.1082	0.0965	0.1269	0.0751	0.1056
Kurdish	0.1117	0.1330	0.1336	0.1374	0.0693	0.1416	0.3103	0.3782	0.1429	0.1392	0.1602	0.1144	0.1297	0.1230	0.1373	0.1296	0.1101	0.1379	0.1376	0.2235	0.1400	0.1261	0.1371	0.1385	0.1374	0.1281	0.1514	0.1207	0.1386	0.1481	0.1492	0.1667	0.1064	0.1385	0.1085	0.1317	0.1592	1.0000	0.1340	0.2045	0.1389	0.1238	0.1262	0.1250	0.1523	0.1373	0.1443	0.1512	0.1019	0.1542	0.1406	0.1230	0.1388	0.1471	0.1442	0.1096	0.1568	0.1330	0.1295	0.1739	0.2500	0.4258	0.1317	0.1200	0.1238	0.1250	0.1250	0.1235	0.1465	0.2363	0.0888	0.1374	0.2778	0.1520	0.1421	0.1204	0.1429	0.3269	0.1262	0.1542	0.1546	0.3952	0.0890	0.0882	0.0616	0.1300	0.1250	0.2000	0.1735	0.2767	0.1304	0.2632	0.0943	0.4437
Ladin	0.0847	0.1468	0.1095	0.3901	0.1133	0.0958	0.1329	0.0810	0.1198	0.0887	0.0867	0.1662	0.1240	0.4790	0.4688	0.1026	0.1570	0.1234	0.1491	0.0872	0.1429	0.0867	0.1680	0.1400	0.1384	0.5788	0.1403	0.5508	0.1478	0.1563	0.0859	0.0980	0.1130	0.1347	0.1133	0.6196	0.0942	0.1340	1.0000	0.0995	0.4645	0.1087	0.1106	0.1330	0.1689	0.1186	0.0876	0.1055	0.1000	0.0868	0.1471	0.4755	0.1278	0.1591	0.1527	0.1207	0.1529	0.1333	0.0905	0.0944	0.0628	0.0861	0.1149	0.5015	0.5372	0.0997	0.4503	0.6332	0.1319	0.0784	0.1128	0.1138	0.0788	0.0987	0.0950	0.1202	0.1211	0.1098	0.5248	0.1400	0.1530	0.0785	0.1062	0.1080	0.1123	0.1140	0.1297	0.0900	0.1355	0.0952	0.5409	0.0617	0.1359	0.0836
Lahnda	0.0658	0.0698	0.0826	0.1051	0.0613	0.2598	0.1788	0.1681	0.0973	0.3526	0.4101	0.0694	0.1008	0.0929	0.0922	0.0857	0.0764	0.0997	0.0860	0.0989	0.0804	0.0680	0.0885	0.0746	0.0729	0.1013	0.0753	0.1041	0.0831	0.0923	0.3758	0.5376	0.0931	0.0801	0.0716	0.1028	0.2572	0.2045	0.0995	1.0000	0.1145	0.0780	0.0902	0.1066	0.0873	0.0998	0.3459	0.3661	0.0668	0.3343	0.0824	0.0872	0.0998	0.0889	0.0867	0.0707	0.1201	0.0795	0.2927	0.6375	0.1064	0.1629	0.1086	0.0894	0.0916	0.2043	0.1059	0.1073	0.1078	0.1454	0.0623	0.0887	0.1332	0.3500	0.1547	0.0947	0.1074	0.1616	0.1095	0.0905	0.0889	0.1447	0.0903	0.0824	0.0681	0.0990	0.1042	0.6077	0.1827	0.1236	0.0936	0.1302	0.0682	0.1254
Latin	0.1187	0.1625	0.1719	0.3854	0.1395	0.1150	0.1867	0.0923	0.1451	0.0979	0.1081	0.1804	0.1583	0.4078	0.3763	0.1303	0.1824	0.1484	0.1654	0.0982	0.1638	0.1137	0.1832	0.1618	0.1465	0.4406	0.1476	0.4157	0.1633	0.2058	0.1020	0.1066	0.1486	0.1616	0.1498	0.4737	0.1108	0.1389	0.4645	0.1145	1.0000	0.1372	0.1531	0.1515	0.1748	0.1562	0.1089	0.1108	0.1206	0.0980	0.1542	0.3910	0.1755	0.1902	0.1976	0.1455	0.1956	0.1802	0.1078	0.1175	0.0711	0.1007	0.1544	0.4339	0.4373	0.1163	0.4212	0.4425	0.1599	0.1026	0.1238	0.1529	0.0905	0.1187	0.0993	0.1505	0.1587	0.1324	0.4716	0.1651	0.1688	0.0968	0.1341	0.1321	0.1238	0.1445	0.1482	0.1074	0.1849	0.1021	0.4355	0.0754	0.1609	0.0917
Latvian	0.0977	0.1140	0.1151	0.1343	0.0971	0.0787	0.1433	0.0754	0.2186	0.0716	0.0739	0.0950	0.2033	0.1139	0.1121	0.1048	0.0934	0.2081	0.1172	0.0732	0.1140	0.0989	0.1207	0.1067	0.1108	0.1154	0.1179	0.1070	0.1175	0.1138	0.0670	0.0753	0.1068	0.1050	0.1009	0.1192	0.0949	0.1238	0.1087	0.0780	0.1372	1.0000	0.4017	0.1983	0.1192	0.2040	0.0679	0.0752	0.0816	0.0665	0.1078	0.1086	0.2306	0.1236	0.1161	0.1011	0.3229	0.1165	0.0646	0.0841	0.0654	0.0973	0.2164	0.1104	0.1094	0.0769	0.1188	0.1101	0.2234	0.0967	0.1047	0.1966	0.0878	0.0902	0.0879	0.1906	0.1914	0.1134	0.1196	0.1261	0.1158	0.0960	0.1065	0.1039	0.0881	0.1957	0.1967	0.0760	0.1626	0.0821	0.1169	0.0671	0.0926	0.0656
Lithuanian	0.1085	0.1079	0.1303	0.1424	0.1011	0.1136	0.1687	0.0850	0.2094	0.1041	0.0966	0.1068	0.2072	0.1218	0.1114	0.1290	0.1362	0.2145	0.1190	0.0852	0.1106	0.1196	0.1285	0.1114	0.1022	0.1229	0.1122	0.1312	0.1222	0.1523	0.0837	0.0890	0.1254	0.1098	0.1283	0.1265	0.1172	0.1262	0.1106	0.0902	0.1531	0.4017	1.0000	0.2229	0.1158	0.2025	0.0877	0.0962	0.0907	0.0911	0.1097	0.1163	0.2247	0.1388	0.1386	0.1206	0.3663	0.1207	0.0970	0.0990	0.0716	0.1103	0.2141	0.1171	0.1239	0.1034	0.1363	0.1169	0.2112	0.1094	0.1116	0.2030	0.0940	0.1168	0.1163	0.2102	0.1951	0.1280	0.1241	0.1204	0.1206	0.1025	0.1182	0.1186	0.0922	0.1873	0.2213	0.0900	0.1812	0.0805	0.1247	0.0714	0.1178	0.0752
Lower_Sorbian	0.0870	0.1311	0.1190	0.1392	0.1105	0.1003	0.1787	0.0891	0.5512	0.1008	0.1042	0.1148	0.5455	0.1412	0.1253	0.1071	0.1097	0.6626	0.1412	0.0838	0.1291	0.0947	0.1412	0.1210	0.1275	0.1354	0.1281	0.1325	0.1339	0.1358	0.0980	0.1078	0.1048	0.1232	0.1093	0.1389	0.1058	0.1250	0.1330	0.1066	0.1515	0.1983	0.2229	1.0000	0.1358	0.5455	0.0936	0.1043	0.0866	0.0982	0.1391	0.1450	0.6130	0.1409	0.1323	0.1120	0.2654	0.1185	0.0964	0.1039	0.0802	0.1011	0.5730	0.1349	0.1205	0.1235	0.1289	0.1269	0.5657	0.1027	0.1120	0.5273	0.0919	0.1210	0.0897	0.6185	0.5116	0.1375	0.1394	0.1360	0.1353	0.1028	0.1215	0.1159	0.1048	0.5120	0.9113	0.1053	0.1749	0.0855	0.1375	0.0763	0.1030	0.0839
Luxembourgish	0.0904	0.5927	0.1134	0.1564	0.0993	0.0894	0.1667	0.0814	0.1464	0.0827	0.0769	0.1342	0.1377	0.1586	0.1412	0.1075	0.1230	0.1410	0.4840	0.0936	0.6022	0.1011	0.4007	0.3863	0.5909	0.1707	0.5252	0.1529	0.7154	0.3839	0.0892	0.0864	0.1098	0.3814	0.1166	0.1732	0.0963	0.1523	0.1689	0.0873	0.1748	0.1192	0.1158	0.1358	1.0000	0.1332	0.0752	0.0809	0.0961	0.0837	0.4433	0.1591	0.1358	0.4571	0.5395	0.1222	0.1553	0.3636	0.0903	0.0909	0.0652	0.0971	0.1454	0.1512	0.1506	0.0885	0.1675	0.1565	0.1413	0.0889	0.1215	0.1271	0.0889	0.0995	0.0949	0.1425	0.1513	0.1238	0.1542	0.4497	0.7325	0.0952	0.1254	0.1218	0.1099	0.1345	0.1296	0.0794	0.1475	0.0959	0.1643	0.0692	0.1340	0.0853
Macedonian	0.0806	0.1268	0.1452	0.1448	0.1171	0.1174	0.1692	0.0874	0.4437	0.0979	0.1018	0.1098	0.6494	0.1330	0.1152	0.1094	0.1200	0.5146	0.1410	0.0779	0.1188	0.1017	0.1432	0.1280	0.1207	0.1232	0.1397	0.1267	0.1309	0.1531	0.1010	0.1045	0.1232	0.1361	0.1241	0.1292	0.1232	0.1373	0.1186	0.0998	0.1562	0.2040	0.2025	0.5455	0.1332	1.0000	0.0983	0.1058	0.0995	0.0953	0.1364	0.1392	0.5700	0.1429	0.1369	0.1209	0.2857	0.1325	0.1054	0.0922	0.0778	0.0978	0.4414	0.1256	0.1146	0.1260	0.1419	0.1301	0.4917	0.1173	0.1226	0.6047	0.1106	0.1362	0.1141	0.5000	0.4686	0.1291	0.1273	0.1308	0.1410	0.1073	0.1164	0.1210	0.1144	0.4448	0.5552	0.0929	0.1755	0.1020	0.1244	0.0716	0.1098	0.0940
Marathi	0.0740	0.0624	0.0979	0.1036	0.0644	0.3299	0.1686	0.1366	0.0928	0.3890	0.3750	0.0576	0.0984	0.0839	0.0982	0.0909	0.0847	0.0839	0.0736	0.0967	0.0768	0.0854	0.0785	0.0665	0.0722	0.0822	0.0745	0.0953	0.0742	0.0953	0.4594	0.3870	0.0926	0.0737	0.0763	0.0889	0.2857	0.1443	0.0876	0.3459	0.1089	0.0679	0.0877	0.0936	0.0752	0.0983	1.0000	0.3535	0.0739	0.3508	0.0706	0.0998	0.0985	0.0749	0.0779	0.0801	0.1326	0.0785	0.3769	0.3390	0.0907	0.1196	0.1038	0.0820	0.0840	0.1825	0.1063	0.0911	0.1002	0.1276	0.0656	0.0935	0.1167	0.3170	0.2146	0.0907	0.1066	0.1516	0.1022	0.0743	0.0789	0.1308	0.0957	0.0827	0.0659	0.1040	0.0911	0.3417	0.2412	0.1092	0.0773	0.1056	0.0611	0.0907
Marwari	0.0782	0.0734	0.0998	0.1201	0.0707	0.3051	0.1472	0.1274	0.1074	0.3096	0.3593	0.0644	0.1014	0.0902	0.1157	0.1098	0.1077	0.1062	0.0829	0.0992	0.0804	0.1033	0.0875	0.0730	0.0705	0.0909	0.0868	0.1114	0.0742	0.0804	0.3269	0.3774	0.1298	0.0855	0.0794	0.0879	0.2806	0.1512	0.1055	0.3661	0.1108	0.0752	0.0962	0.1043	0.0809	0.1058	0.3535	1.0000	0.0775	0.2986	0.0712	0.1080	0.1097	0.0805	0.0850	0.0927	0.1356	0.0828	0.3167	0.3691	0.0955	0.1192	0.1199	0.0980	0.0949	0.2178	0.1281	0.1012	0.1067	0.1297	0.0698	0.1045	0.1215	0.3828	0.2492	0.0979	0.1204	0.1358	0.0958	0.0801	0.0878	0.1263	0.1071	0.0959	0.0677	0.1095	0.1042	0.3836	0.1969	0.1293	0.0943	0.1281	0.0625	0.0985
Modern_Greek	0.1061	0.0979	0.3675	0.1218	0.0953	0.0863	0.1170	0.0771	0.0952	0.0637	0.0858	0.0799	0.1125	0.0967	0.0884	0.1445	0.0826	0.0898	0.1041	0.0642	0.1048	0.1317	0.1083	0.0986	0.0998	0.0951	0.0963	0.1031	0.1054	0.1122	0.0733	0.0653	0.1008	0.1046	0.0814	0.1077	0.0766	0.1019	0.1000	0.0668	0.1206	0.0816	0.0907	0.0866	0.0961	0.0995	0.0739	0.0775	1.0000	0.0686	0.1003	0.0997	0.1093	0.1072	0.1124	0.0894	0.1164	0.1015	0.0826	0.0680	0.0592	0.0862	0.0897	0.0929	0.0971	0.0992	0.1076	0.0966	0.0907	0.0644	0.0926	0.0991	0.0682	0.0771	0.0925	0.0797	0.1131	0.0938	0.1057	0.1070	0.0977	0.0717	0.1273	0.1267	0.0941	0.0897	0.0848	0.0711	0.1269	0.0638	0.0973	0.0584	0.0775	0.0720
Nepali	0.0627	0.0706	0.0845	0.0974	0.0652	0.3386	0.1710	0.1355	0.0948	0.3707	0.3747	0.0653	0.1031	0.0831	0.0798	0.0759	0.0720	0.0998	0.0776	0.0831	0.0778	0.0714	0.0847	0.0773	0.0760	0.0808	0.0757	0.0849	0.0801	0.0939	0.3460	0.4006	0.0757	0.0805	0.0703	0.0901	0.3056	0.1542	0.0868	0.3343	0.0980	0.0665	0.0911	0.0982	0.0837	0.0953	0.3508	0.2986	0.0686	1.0000	0.0837	0.0913	0.1047	0.0804	0.0835	0.0697	0.1054	0.0791	0.3963	0.3647	0.0876	0.1114	0.1002	0.0769	0.0833	0.2121	0.0862	0.0876	0.1017	0.1100	0.0618	0.0921	0.0802	0.3363	0.2113	0.0926	0.1036	0.1516	0.0823	0.0797	0.0825	0.1131	0.0883	0.0796	0.0668	0.0942	0.0956	0.3830	0.2209	0.0941	0.0814	0.1084	0.0600	0.0967
Norwegian	0.0849	0.4503	0.1132	0.1287	0.0927	0.0894	0.1629	0.0842	0.1433	0.0779	0.0757	0.1155	0.1440	0.1361	0.1291	0.0915	0.1044	0.1470	0.7639	0.0907	0.4682	0.0880	0.4164	0.6654	0.4720	0.1585	0.4422	0.1394	0.4639	0.3657	0.0836	0.0842	0.0885	0.6732	0.1139	0.1609	0.0891	0.1406	0.1471	0.0824	0.1542	0.1078	0.1097	0.1391	0.4433	0.1364	0.0706	0.0712	0.1003	0.0837	1.0000	0.1397	0.1360	0.4643	0.4603	0.1141	0.1410	0.5728	0.0872	0.0833	0.0652	0.0895	0.1429	0.1401	0.1443	0.0757	0.1305	0.1425	0.1538	0.0797	0.1211	0.1241	0.0747	0.0890	0.0736	0.1394	0.1448	0.1238	0.1432	0.6593	0.4645	0.0940	0.1176	0.1117	0.0888	0.1290	0.1392	0.0783	0.1378	0.0782	0.1515	0.0694	0.1049	0.0843
Nuorese	0.0803	0.1402	0.1239	0.3663	0.1128	0.1062	0.1392	0.0885	0.1267	0.0907	0.0914	0.1532	0.1393	0.7017	0.4192	0.1078	0.1696	0.1266	0.1449	0.0833	0.1448	0.0935	0.1749	0.1391	0.1370	0.4748	0.1359	0.4519	0.1405	0.1691	0.0968	0.0949	0.1219	0.1240	0.1198	0.5160	0.1074	0.1230	0.4755	0.0872	0.3910	0.1086	0.1163	0.1450	0.1591	0.1392	0.0998	0.1080	0.0997	0.0913	0.1397	1.0000	0.1351	0.1440	0.1462	0.1214	0.1486	0.1377	0.1051	0.0997	0.0635	0.0856	0.1325	0.4177	0.4381	0.1060	0.3950	0.3994	0.1429	0.0893	0.1250	0.1285	0.0884	0.1068	0.1150	0.1227	0.1345	0.1209	0.4521	0.1359	0.1523	0.0827	0.1233	0.1183	0.1096	0.1146	0.1383	0.0892	0.1394	0.0947	0.4558	0.0705	0.1444	0.0921
Old_Church_Slavic	0.0956	0.1332	0.1452	0.1320	0.1201	0.1094	0.1775	0.0860	0.4983	0.0974	0.1099	0.1138	0.5401	0.1318	0.1174	0.1145	0.1169	0.6301	0.1374	0.0840	0.1324	0.1085	0.1375	0.1330	0.1247	0.1290	0.1328	0.1267	0.1394	0.1464	0.0985	0.1085	0.1215	0.1320	0.1212	0.1327	0.1135	0.1388	0.1278	0.0998	0.1755	0.2306	0.2247	0.6130	0.1358	0.5700	0.0985	0.1097	0.1093	0.1047	0.1360	0.1351	1.0000	0.1499	0.1521	0.1264	0.3027	0.1361	0.1095	0.1059	0.0833	0.0976	0.5346	0.1258	0.1169	0.1176	0.1315	0.1298	0.5646	0.1034	0.1124	0.6217	0.1002	0.1250	0.1039	0.5874	0.5155	0.1272	0.1324	0.1336	0.1353	0.1061	0.1047	0.1042	0.1092	0.4939	0.6312	0.0988	0.1918	0.0835	0.1256	0.0801	0.1054	0.0792
Old_English	0.1120	0.4671	0.1333	0.1523	0.1025	0.0929	0.1821	0.0835	0.1469	0.0793	0.0810	0.1299	0.1362	0.1466	0.1344	0.1247	0.1245	0.1525	0.4983	0.0948	0.4938	0.1180	0.5083	0.4615	0.4739	0.1662	0.4349	0.1500	0.5147	0.4887	0.0799	0.0878	0.1229	0.4682	0.1371	0.1602	0.0872	0.1471	0.1591	0.0889	0.1902	0.1236	0.1388	0.1409	0.4571	0.1429	0.0749	0.0805	0.1072	0.0804	0.4643	0.1440	0.1499	1.0000	0.6045	0.1293	0.1656	0.5202	0.0913	0.0922	0.0631	0.0978	0.1429	0.1487	0.1535	0.0850	0.1528	0.1455	0.1446	0.0859	0.1313	0.1389	0.0780	0.0878	0.0778	0.1523	0.1455	0.1353	0.1512	0.4556	0.4723	0.0987	0.1329	0.1351	0.0988	0.1382	0.1402	0.0837	0.1655	0.0835	0.1636	0.0699	0.1268	0.0861
Old_High_German	0.1010	0.5079	0.1469	0.1545	0.1027	0.1075	0.1808	0.0918	0.1432	0.0799	0.0844	0.1268	0.1411	0.1454	0.1315	0.1223	0.1320	0.1493	0.4790	0.0951	0.5314	0.1205	0.4073	0.4307	0.5182	0.1512	0.4637	0.1470	0.5853	0.5129	0.0831	0.0835	0.1233	0.4273	0.1323	0.1595	0.0928	0.1442	0.1527	0.0867	0.1976	0.1161	0.1386	0.1323	0.5395	0.1369	0.0779	0.0850	0.1124	0.0835	0.4603	0.1462	0.1521	0.6045	1.0000	0.1419	0.1627	0.4820	0.0941	0.0952	0.0665	0.0931	0.1531	0.1403	0.1500	0.0751	0.1602	0.1477	0.1415	0.0900	0.1285	0.1412	0.0815	0.0935	0.0937	0.1453	0.1505	0.1261	0.1481	0.4779	0.5522	0.0989	0.1298	0.1309	0.0993	0.1403	0.1399	0.0795	0.1597	0.0905	0.1566	0.0729	0.1215	0.0867
Old_Irish	0.1044	0.1208	0.1573	0.1514	0.0878	0.1024	0.1292	0.0970	0.1279	0.0773	0.0976	0.2507	0.1228	0.1240	0.1413	0.1667	0.2818	0.1235	0.1206	0.0792	0.1171	0.1338	0.1210	0.1051	0.1064	0.1211	0.1385	0.1451	0.1181	0.1595	0.0752	0.0588	0.1416	0.1133	0.4799	0.1194	0.0949	0.1096	0.1207	0.0707	0.1455	0.1011	0.1206	0.1120	0.1222	0.1209	0.0801	0.0927	0.0894	0.0697	0.1141	0.1214	0.1264	0.1293	0.1419	1.0000	0.1738	0.1204	0.0983	0.0716	0.0736	0.0764	0.1198	0.1276	0.1386	0.0767	0.1478	0.1432	0.1250	0.0769	0.4675	0.1134	0.0774	0.1029	0.1347	0.1136	0.1260	0.1008	0.1304	0.1164	0.1272	0.0846	0.1372	0.1432	0.0909	0.1190	0.1149	0.0591	0.1360	0.0769	0.1410	0.0651	0.2661	0.0788
Old_Prussian	0.1237	0.1411	0.2005	0.1709	0.1047	0.1481	0.1906	0.1086	0.2601	0.1238	0.1111	0.1230	0.2464	0.1481	0.1633	0.1712	0.1545	0.2680	0.1490	0.1000	0.1380	0.1739	0.1656	0.1341	0.1346	0.1529	0.1617	0.1545	0.1483	0.2121	0.1143	0.1091	0.2180	0.1361	0.1508	0.1538	0.1529	0.1568	0.1529	0.1201	0.1956	0.3229	0.3663	0.2654	0.1553	0.2857	0.1326	0.1356	0.1164	0.1054	0.1410	0.1486	0.3027	0.1656	0.1627	0.1738	1.0000	0.1465	0.1123	0.1143	0.0826	0.1104	0.2709	0.1577	0.1538	0.1246	0.1657	0.1584	0.2786	0.1497	0.1455	0.2623	0.1261	0.1514	0.1782	0.2553	0.2527	0.1434	0.1458	0.1493	0.1584	0.1254	0.1481	0.1557	0.0966	0.2508	0.2717	0.1067	0.2132	0.1315	0.1457	0.0870	0.1193	0.0956
Old_West_Norse	0.0931	0.3568	0.1328	0.1429	0.0947	0.0994	0.1727	0.0843	0.1244	0.0853	0.0821	0.1169	0.1253	0.1238	0.1296	0.1086	0.1156	0.1278	0.5481	0.0924	0.3670	0.1074	0.3881	0.6832	0.3585	0.1471	0.3500	0.1315	0.3764	0.4675	0.0860	0.0812	0.1154	0.7045	0.1264	0.1425	0.0907	0.1330	0.1333	0.0795	0.1802	0.1165	0.1207	0.1185	0.3636	0.1325	0.0785	0.0828	0.1015	0.0791	0.5728	0.1377	0.1361	0.5202	0.4820	0.1204	0.1465	1.0000	0.0998	0.0852	0.0584	0.0903	0.1342	0.1284	0.1444	0.0805	0.1386	0.1300	0.1353	0.0822	0.1283	0.1282	0.0776	0.0894	0.0887	0.1270	0.1310	0.1311	0.1322	0.5260	0.3631	0.0939	0.1257	0.1256	0.0861	0.1210	0.1159	0.0796	0.1532	0.0847	0.1449	0.0619	0.1143	0.0773
